100

75.52

29.58
53.62
57.08
62.57
51.4
92.2
27.37
97.37
24.23
79.9
59.85
25.43
73.96
69.11
84.86
34.78
40.04
36.77
53.51
85.88
87.5
10.89
56.76
23.15
46.78
89.33
36.5
81.19
79.55
81.75
9.32
4.87
11.16
36.22
24.12
3.97
54.12
9.13
65.79
79.85
70.32
98.66
98.94
94.02
84.81
90.27
17.98
96.84
68.85
56.01
33.05
98.24
55.72
8.6
74.51
41.71
39.4
35.74
43.43
37.9
33.01
30.74
69.88
24.81
31.92
91.27
66.79
47.74
34.38
79.69
82.9
94.22
21.69
25.76
65.19
76.41
89.37
5.01
38.6
26.97
51.09
45.07
98.78
62.7
7.71
95.64
92.16
75.12
85.38
48.15
27.03
26.89
98.67
6.09
18.96
68.59
87.35
87.96
24.67
41.91
